~+BrickLink Common Palette
0
-1
0 2780.dat
1
2 0
0 43093.dat
1
2 1
0 6141.dat
1
2 36
0 3031.dat
1
2 14
0 6141.dat
1
2 15
0 3024.dat
1
2 19
0 6141.dat
1
2 0
0 3069b.dat
1
2 15
0 6141.dat
1
2 297
0 6558.dat
1
2 1
0 32062.dat
1
2 4
0 54200.dat
1
2 0
0 4274.dat
1
2 1
0 3024.dat
1
2 4
0 4519.dat
1
2 71
0 3024.dat
1
2 0
0 32607.dat
1
2 10
0 3069b.dat
1
2 43
0 6141.dat
1
2 179
0 3068b.dat
1
2 15
0 6141.dat
1
2 29
0 25269.dat
1
2 72
0 3024.dat
1
2 15
0 3024.dat
1
2 14
0 6141.dat
1
2 46
0 3023b.dat
1
2 0
0 3023b.dat
1
2 15
0 54200.dat
1
2 19
0 98283.dat
1
2 71
0 98138.dat
1
2 0
0 25269.dat
1
2 353
0 3070b.dat
1
2 379
0 98138p07.dat
1
2 15
0 6141.dat
1
2 27
0 6141.dat
1
2 4
0 3024.dat
1
2 71
0 33183.dat
1
2 10
0 98138.dat
1
2 71
0 24866.dat
1
2 2
0 32606.dat
1
2 5
0 3004.dat
1
2 14
0 3023b.dat
1
2 4
0 6141.dat
1
2 43
0 98138.dat
1
2 46
0 73587p01.dat
1
2 71
0 54200.dat
1
2 57
0 98138.dat
1
2 272
0 85861.dat
1
2 15
0 3023b.dat
1
2 72
0 3004.dat
1
2 4
0 98138.dat
1
2 15
0 bl_24855.dat
1
2 2
0 3024.dat
1
2 72
0 15392.dat
1
2 72
0 15573.dat
1
2 15
0 3023b.dat
1
2 272
0 3069b.dat
1
2 0
0 3069b.dat
1
2 72
0 6141.dat
1
2 25
0 3070b.dat
1
2 36
0 3023b.dat
1
2 320
0 24866.dat
1
2 212
0 3705.dat
1
2 0
0 2412b.dat
1
2 179
0 85861.dat
1
2 297
0 3005.dat
1
2 4
0 2412b.dat
1
2 71
0 24866.dat
1
2 27
0 3068b.dat
1
2 28
0 3023b.dat
1
2 71
0 3024.dat
1
2 84
0 3023b.dat
1
2 19
0 3022.dat
1
2 15
0 3023b.dat
1
2 378
0 3023b.dat
1
2 25
0 6141.dat
1
2 85
0 2412b.dat
1
2 15
0 3023b.dat
1
2 14
0 3710.dat
1
2 0
0 15573.dat
1
2 0
0 24866.dat
1
2 4
0 3005.dat
1
2 84
0 3022.dat
1
2 71
0 3004.dat
1
2 1
0 3022.dat
1
2 0
0 54200.dat
1
2 15
0 98138.dat
1
2 36
0 53451.dat
1
2 0
0 6141.dat
1
2 71
0 54200.dat
1
2 33
0 98283.dat
1
2 28
0 32123a.dat
1
2 71
0 3005.dat
1
2 14
0 25269.dat
1
2 15
0 3069b.dat
1
2 484
0 3673.dat
1
2 71
0 3023b.dat
1
2 28
0 3024.dat
1
2 36
0 3004.dat
1
2 0
0 25269.dat
1
2 0
0 3062b.dat
1
2 47
0 99563.dat
1
2 19
0 2431.dat
1
2 15
0 25269.dat
1
2 322
0 3069b.dat
1
2 40
0 11477.dat
1
2 15
0 3024.dat
1
2 288
0 6141.dat
1
2 84
0 24246.dat
1
2 15
0 87083.dat
1
2 72
0 54200.dat
1
2 14
0 98138p0b.dat
1
2 15
0 3070b.dat
1
2 71
0 4274.dat
1
2 71
0 92280.dat
1
2 71
0 3713.dat
1
2 4
0 2412b.dat
1
2 72
0 3024.dat
1
2 353
0 3020.dat
1
2 0
0 3710.dat
1
2 15
0 98138p0c.dat
1
2 15
0 3623.dat
1
2 19
0 3023b.dat
1
2 288
0 11477.dat
1
2 71
0 3004.dat
1
2 19
0 3666.dat
1
2 0
0 3005.dat
1
2 72
0 6141.dat
1
2 272
0 33183.dat
1
2 70
0 3062b.dat
1
2 15
0 54200.dat
1
2 71
0 3070b.dat
1
2 15
0 98138.dat
1
2 47
0 98138.dat
1
2 322
0 25269.dat
1
2 3
0 3069b.dat
1
2 378
0 3024.dat
1
2 46
0 61184.dat
1
2 71
0 99780.dat
1
2 72
0 3005.dat
1
2 15
0 6141.dat
1
2 320
0 6141.dat
1
2 72
0 11214.dat
1
2 4
0 14704.dat
1
2 71
0 85861.dat
1
2 71
0 85861.dat
1
2 70
0 6141.dat
1
2 70
0 25269.dat
1
2 323
0 3004.dat
1
2 15
0 53451.dat
1
2 15
0 98138.dat
1
2 3
0 3023b.dat
1
2 1
0 3005.dat
1
2 1
0 54200.dat
1
2 47
0 32123a.dat
1
2 14
0 3024.dat
1
2 30
0 24866.dat
1
2 191
0 98138.dat
1
2 14
0 6141.dat
1
2 19
0 3023b.dat
1
2 70
0 59900.dat
1
2 0
0 87087.dat
1
2 19
0 98138.dat
1
2 19
0 3005.dat
1
2 71
0 3623.dat
1
2 15
0 32054.dat
1
2 71
0 49307.dat
1
2 15
0 3024.dat
1
2 70
0 3023b.dat
1
2 3
0 3005.dat
1
2 378
0 3023b.dat
1
2 84
0 54200.dat
1
2 25
0 6141.dat
1
2 1
0 3713.dat
1
2 71
0 3003.dat
1
2 15
0 15712.dat
1
2 378
0 98138.dat
1
2 323
0 3710.dat
1
2 71
0 60897.dat
1
2 19
0 24866.dat
1
2 30
0 3021.dat
1
2 71
0 11458.dat
1
2 72
0 36840.dat
1
2 72
0 4081b.dat
1
2 0
0 99207.dat
1
2 71
0 85861.dat
1
2 0
0 60601.dat
1
2 47
0 36841.dat
1
2 71
0 15070.dat
1
2 15
0 85984.dat
1
2 0
0 98138.dat
1
2 43
0 30162.dat
1
2 72
0 98138.dat
1
2 57
0 98138.dat
1
2 29
0 3023b.dat
1
2 27
0 2540.dat
1
2 0
0 54200.dat
1
2 72
0 32073.dat
1
2 71
0 6141.dat
1
2 2
0 2412b.dat
1
2 19
0 6141.dat
1
2 38
0 3070b.dat
1
2 0
0 64647.dat
1
2 38
0 32054.dat
1
2 0
0 3024.dat
1
2 1
0 3001.dat
1
2 0
0 87079.dat
1
2 15
0 92280.dat
1
2 0
0 3001.dat
1
2 15
0 60897.dat
1
2 71
0 6141.dat
1
2 148
0 3069b.dat
1
2 27
0 15068.dat
1
2 0
0 35480.dat
1
2 28
0 2412b.dat
1
2 0
0 61409b.dat
1
2 72
0 15712.dat
1
2 0
0 18651.dat
1
2 0
0 3711.dat
1
2 0
0 3070b.dat
1
2 4
0 3024.dat
1
2 28
0 2431.dat
1
2 0
0 98138.dat
1
2 353
0 3069b.dat
1
2 33
0 33909.dat
1
2 71
0 3020.dat
1
2 71
0 2447b.dat
1
2 40
0 30374.dat
1
2 43
0 98138.dat
1
2 27
0 3005.dat
1
2 0
0 3710.dat
1
2 72
0 63864.dat
1
2 71
0 3021.dat
1
2 19
0 25269.dat
1
2 31
0 6141.dat
1
2 42
0 3623.dat
1
2 71
0 3004.dat
1
2 10
0 6141.dat
1
2 57
0 3023b.dat
1
2 30
0 3003.dat
1
2 0
0 33172.dat
1
2 25
0 27925.dat
1
2 320
0 3024.dat
1
2 2
0 59900.dat
1
2 297
0 3021.dat
1
2 72
0 49307.dat
1
2 71
0 3069b.dat
1
2 73
0 98138.dat
1
2 25
0 3710.dat
1
2 4
0 2420.dat
1
2 15
0 3005.dat
1
2 25
0 3023b.dat
1
2 36
0 11477.dat
1
2 0
0 32607.dat
1
2 25
0 3005.dat
1
2 70
0 6254.dat
1
2 15
0 54200.dat
1
2 40
0 3021.dat
1
2 0
0 30153.dat
1
2 36
0 6141.dat
1
2 14
0 60478.dat
1
2 0
0 37695.dat
1
2 330
0 6636.dat
1
2 15
0 3622.dat
1
2 71
0 63868.dat
1
2 0
0 4032a.dat
1
2 0
0 3069b.dat
1
2 29
0 3749.dat
1
2 19
0 3040b.dat
1
2 15
0 14417.dat
1
2 72
0 22388.dat
1
2 70
0 3069b.dat
1
2 4
0 3069b.dat
1
2 85
0 3005.dat
1
2 19
0 25269.dat
1
2 14
0 98138.dat
1
2 5
0 99207.dat
1
2 0
0 14769.dat
1
2 70
0 3023b.dat
1
2 29
0 54200.dat
1
2 36
0 26604.dat
1
2 19
0 53451.dat
1
2 4
0 59900.dat
1
2 179
0 11476.dat
1
2 71
0 3062b.dat
1
2 43
0 4032a.dat
1
2 72
0 24316.dat
1
2 70
0 11477.dat
1
2 2
0 3004.dat
1
2 321
0 15573.dat
1
2 71
0 32828.dat
1
2 0
0 3023b.dat
1
2 2
0 2654.dat
1
2 0
0 15573.dat
1
2 72
0 25269.dat
1
2 29
0 3062b.dat
1
2 71
0 3004.dat
1
2 84
0 4070.dat
1
2 47
0 98138.dat
1
2 70
0 3622.dat
1
2 15
0 4070.dat
1
2 71
0 2877.dat
1
2 19
0 15279.dat
1
2 330
0 4519.dat
1
2 14
0 99780.dat
1
2 0
0 3022.dat
1
2 14
0 87087.dat
1
2 378
0 3022.dat
1
2 70
0 61252.dat
1
2 0
0 3065.dat
1
2 47
0 3065.dat
1
2 43
0 24866.dat
1
2 10
0 3622.dat
1
2 19
0 3070b.dat
1
2 19
0 3004.dat
1
2 25
0 25269.dat
1
2 26
0 3022.dat
1
2 4
0 85984.dat
1
2 4
0 25269.dat
1
2 191
0 3710.dat
1
2 70
0 87087.dat
1
2 71
0 3022.dat
1
2 72
0 24866.dat
1
2 15
0 24201.dat
1
2 71
0 4599b.dat
1
2 0
0 3039.dat
1
2 14
0 3005.dat
1
2 27
0 32209.dat
1
2 72
0 3004.dat
1
2 27
0 6587.dat
1
2 28
0 3706.dat
1
2 0
0 33291.dat
1
2 5
0 87552.dat
1
2 47
0 98138.dat
1
2 308
0 3005.dat
1
2 43
0 3070b.dat
1
2 72
0 3062b.dat
1
2 27
0 26047.dat
1
2 297
0 44728.dat
1
2 72
0 54200.dat
1
2 1
0 3710.dat
1
2 378
0 25269.dat
1
2 4
0 24246.dat
1
2 71
0 54200.dat
1
2 46
0 48336.dat
1
2 0
0 3710.dat
1
2 28
0 18677.dat
1
2 71
0 64567b.dat
1
2 0
0 15573.dat
1
2 28
0 14418.dat
1
2 71
0 3020.dat
1
2 70
0 3062b.dat
1
2 4
0 60601.dat
1
2 40
0 3040b.dat
1
2 4
0 54200.dat
1
2 85
0 3024.dat
1
2 272
0 3665.dat
1
2 15
0 3024.dat
1
2 320
0 3024.dat
1
2 40
0 15712.dat
1
2 297
0 3068b.dat
1
2 71
0 3069b.dat
1
2 71
0 20482.dat
1
2 0
0 32140.dat
1
2 0
0 93160.dat
1
2 15
0 3020.dat
1
2 19
0 64644.dat
1
2 378
0 3068b.dat
1
2 72
0 54200.dat
1
2 4
0 2420.dat
1
2 0
0 3003.dat
1
2 1
0 3001.dat
1
2 4
0 25269.dat
1
2 71
0 99206.dat
1
2 71
0 59900.dat
1
2 70
0 54200.dat
1
2 330
0 32002.dat
1
2 19
0 2357.dat
1
2 19
0 2877.dat
1
2 4
0 35480.dat
1
2 72
0 4006.dat
1
2 0
0 98138.dat
1
2 1
0 60478.dat
1
2 72
0 3024.dat
1
2 378
0 3004.dat
1
2 70
0 4599b.dat
1
2 71
0 3003.dat
1
2 4
0 3713.dat
1
2 7
0 15573.dat
1
2 70
0 3873.dat
1
2 0
0 6141.dat
1
2 35
0 54200.dat
1
2 70
0 32952.dat
1
2 71
0 60897.dat
1
2 72
0 3021.dat
1
2 1
0 3024.dat
1
2 57
0 35480.dat
1
2 15
0 3004.dat
1
2 272
0 3004.dat
1
2 71
0 2412b.dat
1
2 297
0 32828.dat
1
2 71
0 98138.dat
1
2 37
0 11477.dat
1
2 272
0 98138.dat
1
2 84
0 2423.dat
1
2 330
0 3004.dat
1
2 330
0 32028.dat
1
2 71
0 3001.dat
1
2 1
0 3024.dat
1
2 484
0 49668.dat
1
2 191
0 33320.dat
1
2 29
0 2540.dat
1
2 72
0 63868.dat
1
2 72
0 64647.dat
1
2 57
0 3062b.dat
1
2 297
0 3070b.dat
1
2 14
0 48729b.dat
1
2 72
0 3623.dat
1
2 4
0 20482.dat
1
2 297
0 99206.dat
1
2 15
0 54200.dat
1
2 378
0 3003.dat
1
2 14
0 6126b.dat
1
2 57
0 25269.dat
1
2 326
0 3005.dat
1
2 272
0 98283.dat
1
2 84
0 59900.dat
1
2 72
0 32073.dat
1
2 14
0 3062b.dat
1
2 70
0 2420.dat
1
2 72
0 63868.dat
1
2 71
0 32607.dat
1
2 2
0 15403.dat
1
2 0
0 3003.dat
1
2 19
0 44728.dat
1
2 0
0 33909.dat
1
2 0
0 3004.dat
1
2 288
0 11609.dat
1
2 191
0 20482.dat
1
2 47
0 4070.dat
1
2 2
0 32556b.dat
1
2 19
0 37775.dat
1
2 57
0 35464.dat
1
2 25
0 98138.dat
1
2 191
0 98138.dat
1
2 4
0 3040b.dat
1
2 2
0 6091.dat
1
2 15
0 30136.dat
1
2 70
0 87087.dat
1
2 14
0 32270.dat
1
2 0
0 32054.dat
1
2 4
0 3024.dat
1
2 26
0 60470b.dat
1
2 71
0 3710.dat
1
2 1
0 3004.dat
1
2 73
0 18654.dat
1
2 72
0 3022.dat
1
2 19
0 15573.dat
1
2 297
0 99206.dat
1
2 0
0 3021.dat
1
2 70
0 87087.dat
1
2 15
0 3070b.dat
1
2 378
0 3680.dat
1
2 15
0 11477.dat
1
2 4
0 6141.dat
1
2 47
0 2423.dat
1
2 2
0 3024.dat
1
2 25
0 3700.dat
1
2 71
0 3022.dat
1
2 1
0 11211.dat
1
2 19
0 4032a.dat
1
2 71
0 4081b.dat
1
2 72
0 3795.dat
1
2 0
0 3004.dat
1
2 29
0 3005.dat
1
2 3
0 4032a.dat
1
2 4
0 33909.dat
1
2 70
0 3795.dat
1
2 72
0 3070b.dat
1
2 70
0 11609.dat
1
2 297
0 6231.dat
1
2 15
0 3023b.dat
1
2 308
0 59443.dat
1
2 0
0 2420.dat
1
2 28
0 3835.dat
1
2 0
0 3666.dat
1
2 71
0 61409b.dat
1
2 0
0 30153.dat
1
2 43
0 3040b.dat
1
2 0
0 49668.dat
1
2 15
0 99563.dat
1
2 297
0 98138.dat
1
2 72
0 87580.dat
1
2 0
0 3069b.dat
1
2 19
0 25269.dat
1
2 1
0 3957b.dat
1
2 70
0 3004.dat
1
2 85
0 2654.dat
1
2 71
0 14769.dat
1
2 71
0 25269.dat
1
2 85
0 3020.dat
1
2 72
0 3660b.dat
1
2 70
0 3021.dat
1
2 14
0 3040b.dat
1
2 25
0 3710.dat
1
2 14
0 98138.dat
1
2 360
0 30136.dat
1
2 0
0 32607.dat
1
2 27
0 88072.dat
1
2 71
0 3024.dat
1
2 3
0 87580.dat
1
2 15
0 15573.dat
1
2 2
0 54200.dat
1
2 2
0 32064a.dat
1
2 72
0 85984.dat
1
2 15
0 3070b.dat
1
2 47
0 3710.dat
1
2 19
0 3031.dat
1
2 4
0 48729b.dat
1
2 0
0 6536.dat
1
2 71
0 48336.dat
1
2 15
0 3623.dat
1
2 2
0 2431.dat
1
2 288
0 3004.dat
1
2 2
0 6536.dat
1
2 0
0 18649.dat
1
2 0
0 3705.dat
1
2 4
0 15573.dat
1
2 378
0 59443.dat
1
2 72
0 3665.dat
1
2 0
0 3622.dat
1
2 72
0 35480.dat
1
2 0
0 35480.dat
1
2 71
0 3004.dat
1
2 3
0 60897.dat
1
2 4
0 6091.dat
1
2 4
0 98138.dat
1
2 33
0 20482.dat
1
2 71
0 3023b.dat
1
2 85
0 6141.dat
1
2 52
0 27925.dat
1
2 3
0 3001.dat
1
2 2
0 2654.dat
1
2 72
0 3020.dat
1
2 272
0 3020.dat
1
2 15
0 2420.dat
1
2 2
0 18674.dat
1
2 15
0 4070.dat
1
2 320
0 3005.dat
1
2 320
0 3005.dat
1
2 73
0 3660b.dat
1
2 14
0 60483.dat
1
2 71
0 3004.dat
1
2 28
0 3023b.dat
1
2 191
0 87580.dat
1
2 19
0 25269.dat
1
2 226
0 54200.dat
1
2 272
0 59900.dat
1
2 36
0 87747.dat
1
2 15
0 87079.dat
1
2 0
0 3068b.dat
1
2 0
0 33291.dat
1
2 191
0 30374.dat
1
2 0
0 3070b.dat
1
2 1
0 92946.dat
1
2 0
0 3005.dat
1
2 2
0 63864.dat
1
2 19
0 3022.dat
1
2 25
0 2877.dat
1
2 72
0 87079.dat
1
2 72
0 30136.dat
1
2 28
0 3023b.dat
1
2 47
0 42003.dat
1
2 71
0 3665.dat
1
2 14
0 25269.dat
1
2 321
0 4070.dat
1
2 19
0 3020.dat
1
2 4
0 59900.dat
1
2 15
0 11477.dat
1
2 27
0 87087.dat
1
2 72
0 3666.dat
1
2 15
0 3068b.dat
1
2 320
0 6536.dat
1
2 72
0 22385.dat
1
2 71
0 4286.dat
1
2 0
0 18674.dat
1
2 72
0 63864.dat
1
2 4
0 22885.dat
1
2 71
0 3666.dat
1
2 72
0 59900.dat
1
2 378
0 59900.dat
1
2 1
0 87994.dat
1
2 0
0 3700.dat
1
2 0
0 60592.dat
1
2 70
0 59900.dat
1
2 57
0 3039.dat
1
2 1
0 3040b.dat
1
2 14
0 2432.dat
1
2 71
0 3022.dat
1
2 378
0 3023b.dat
1
2 40
0 3024.dat
1
2 47
0 59900.dat
1
2 4
0 3010.dat
1
2 4
0 3004.dat
1
2 191
0 54200.dat
1
2 43
0 60897.dat
1
2 15
0 30383.dat
1
2 72
0 3005.dat
1
2 484
0 6141.dat
1
2 37
0 20310.dat
1
2 19
0 3040b.dat
1
2 19
0 2420.dat
1
2 70
0 3005.dat
1
2 30
0 20310.dat
1
2 297
0 3710.dat
1
2 272
0 98138.dat
1
2 330
0 4032a.dat
1
2 70
0 22885.dat
1
2 15
0 11090.dat
1
2 72
0 28192.dat
1
2 72
0 3069b.dat
1
2 70
0 11211.dat
1
2 0
0 3010.dat
1
2 15
0 6141.dat
1
2 33
0 98283.dat
1
2 320
0 32054.dat
1
2 25
0 85984.dat
1
2 2
0 99781.dat
1
2 71
0 88072.dat
1
2 72
0 85861.dat
1
2 72
0 87079.dat
1
2 71
0 99781.dat
1
2 0
0 32028.dat
1
2 70
0 3003.dat
1
2 72
0 3062b.dat
1
2 34
0 3023b.dat
1
2 5
0 87994.dat
1
2 70
0 85861.dat
1
2 57
0 4070.dat
1
2 14
0 3021.dat
1
2 28
0 50745.dat
1
2 72
0 6141.dat
1
2 34
0 2417.dat
1
2 10
0 3069b.dat
1
2 84
0 6636.dat
1
2 71
0 3040b.dat
1
2 28
0 3020.dat
1
2 1
0 3700.dat
1
2 72
0 2412b.dat
1
2 272
0 3004.dat
1
2 226
0 4162.dat
1
2 15
0 3023b.dat
1
2 484
0 3062b.dat
1
2 484
0 2431.dat
1
2 72
0 3070b.dat
1
2 34
0 6141.dat
1
2 10
0 2540.dat
1
2 71
0 60897.dat
1
2 0
0 50.dat
1
2 0
0 3710.dat
1
2 25
0 11211.dat
1
2 15
0 87580.dat
1
2 72
0 3070b.dat
1
2 2
0 60483.dat
1
2 72
0 32526.dat
1
2 0
0 14769.dat
1
2 0
0 30136.dat
1
2 71
0 2431.dat
1
2 71
0 30136.dat
1
2 19
0 2357.dat
1
2 72
0 3623.dat
1
2 288
0 3024.dat
1
2 323
0 3004.dat
1
2 379
0 20482.dat
1
2 15
0 98138p0a.dat
1
2 84
0 53451.dat
1
2 297
0 3623.dat
1
2 272
0 18654.dat
1
2 0
0 29120.dat
1
2 288
0 50951.dat
1
2 0
0 73587p01.dat
1
2 4
0 3068b.dat
1
2 323
0 3024.dat
1
2 308
0 3040b.dat
1
2 1
0 60478.dat
1
2 15
0 60470b.dat
1
2 0
0 73587p01.dat
1
2 15
0 3004.dat
1
2 5
0 32952.dat
1
2 15
0 24246.dat
1
2 0
0 25269.dat
1
2 272
0 3005.dat
1
2 191
0 25269.dat
1
2 25
0 32064a.dat
1
2 0
0 85984.dat
1
2 72
0 15068.dat
1
2 378
0 3062b.dat
1
2 36
0 2431.dat
1
2 84
0 41740.dat
1
2 71
0 37352.dat
1
2 15
0 3070b.dat
1
2 3
0 15070.dat
1
2 19
0 63864.dat
1
2 0
0 3031.dat
1
2 1
0 2432.dat
1
2 0
0 32028.dat
1
2 19
0 15462.dat
1
2 70
0 60478.dat
1
2 71
0 3022.dat
1
2 27
0 3020.dat
1
2 14
0 3069b.dat
1
2 3
0 11610.dat
1
2 19
0 3021.dat
1
2 4
0 85984.dat
1
2 1
0 3009.dat
1
2 14
0 3070b.dat
1
2 28
0 3894.dat
1
2 0
0 32028.dat
1
2 72
0 3005.dat
1
2 28
0 2357.dat
1
2 0
0 3839b.dat
1
2 0
0 85984.dat
1
2 71
0 6589.dat
1
2 19
0 4070.dat
1
2 15
0 92280.dat
1
2 15
0 11214.dat
1
2 72
0 15573.dat
1
2 272
0 2654.dat
1
2 47
0 18674.dat
1
2 28
0 11477.dat
1
2 70
0 2423.dat
1
2 15
0 54200.dat
1
2 27
0 87580.dat
1
2 70
0 4697b.dat
1
2 71
0 85984.dat
1
2 70
0 64567b.dat
1
2 71
0 55013.dat
1
2 72
0 48729b.dat
1
2 71
0 32064a.dat
1
2 71
0 3070b.dat
1
2 29
0 26047.dat
1
2 0
0 3665.dat
1
2 4
0 11477.dat
1
2 378
0 3069bpc3.dat
1
2 71
0 98283.dat
1
2 484
0 85984.dat
1
2 14
0 3069b.dat
1
2 28
0 3001.dat
1
2 71
0 49307.dat
1
2 25
0 30136.dat
1
2 484
0 4032a.dat
1
2 19
0 48336.dat
1
2 71
0 32952.dat
1
2 19
0 32000.dat
1
2 72
0 73587p01.dat
1
2 0
0 3622.dat
1
2 14
0 32530.dat
1
2 72
0 25269.dat
1
2 19
0 3070b.dat
1
2 484
0 3068b.dat
1
2 19
0 4162.dat
1
2 0
0 3245c.dat
1
2 15
0 3003.dat
1
2 70
0 3037.dat
1
2 4
0 87747.dat
1
2 0
0 18674.dat
1
2 0
0 61482.dat
1
2 71
0 60475b.dat
1
2 71
0 3010.dat
1
2 71
0 60607.dat
1
2 297
0 88072.dat
1
2 0
0 3062b.dat
1
2 14
0 98138.dat
1
2 10
0 44728.dat
1
2 71
0 60476.dat
1
2 71
0 85861.dat
1
2 288
0 14769.dat
1
2 4
0 3062b.dat
1
2 72
0 3010.dat
1
2 28
0 2412b.dat
1
2 1
0 3070b.dat
1
2 10
0 3024.dat
1
2 43
0 27925.dat
1
2 71
0 18654.dat
1
2 15
0 98283.dat
1
2 15
0 64644.dat
1
2 0
0 3004.dat
1
2 30
0 2496.dat
1
2 0
0 3665.dat
1
2 1
0 3062b.dat
1
2 0
0 4740.dat
1
2 71
0 6254.dat
1
2 85
0 32952.dat
1
2 70
0 99780.dat
1
2 4
0 6157.dat
1
2 0
0 3040b.dat
1
2 26
0 3710.dat
1
2 191
0 3070b.dat
1
2 288
0 11477.dat
1
2 72
0 98283.dat
1
2 378
0 29119.dat
1
2 288
0 87087.dat
1
2 70
0 98283.dat
1
2 72
0 3070b.dat
1
2 353
0 3069b.dat
1
2 47
0 87580.dat
1
2 28
0 63864.dat
1
2 15
0 85984.dat
1
2 191
0 3001.dat
1
2 25
0 3623.dat
1
2 72
0 3003.dat
1
2 71
0 99563.dat
1
2 15
0 3031.dat
1
2 0
0 3795.dat
1
2 19
0 15208.dat
1
2 15
0 2420.dat
1
2 1
0 4032a.dat
1
2 1
0 3009.dat
1
2 1
0 3010.dat
1
2 0
0 3069b.dat
1
2 322
0 32803.dat
1
2 0
0 15533.dat
1
2 19
0 3070b.dat
1
2 322
0 99780.dat
1
2 71
0 3623.dat
1
2 0
0 63869.dat
1
2 71
0 20482.dat
1
2 70
0 60897.dat
1
2 70
0 3031.dat
1
2 15
0 4600.dat
1
2 0
0 32062.dat
1
2 0
0 99780.dat
1
2 15
0 44294.dat
1
2 71
0 30385.dat
1
2 36
0 33291.dat
1
2 4
0 3660b.dat
1
2 19
0 61252.dat
1
2 297
0 4599b.dat
1
2 14
0 2736.dat
1
2 71
0 3069b.dat
1
2 26
0 3021.dat
1
2 15
0 59900.dat
1
2 52
0 32000.dat
1
2 71
0 4081b.dat
1
2 71
0 32140.dat
1
2 71
0 15100.dat
1
2 0
0 37762.dat
1
2 15
0 3626b.dat
1
2 191
0 3070b.dat
1
2 226
0 99780.dat
1
2 2
0 3001.dat
1
2 14
0 4600.dat
1
2 71
0 6636.dat
1
2 70
0 3020.dat
1
2 2
0 3039.dat
1
2 47
0 3010.dat
1
2 14
0 14419.dat
1
2 72
0 92593.dat
1
2 71
0 99207.dat
1
2 70
0 2417.dat
1
2 191
0 87697.dat
1
2 0
0 3005.dat
1
2 57
0 4032a.dat
1
2 15
0 3004.dat
1
2 378
0 99563.dat
1
2 0
0 41740.dat
1
2 28
0 3039.dat
1
2 4
0 30136.dat
1
2 72
0 26604.dat
1
2 73
0 60483.dat
1
2 0
0 3795.dat
1
2 71
0 59900.dat
1
2 14
0 32316.dat
1
2 0
0 15070.dat
1
2 297
0 3022.dat
1
2 28
0 87580.dat
1
2 2
0 3070b.dat
1
2 43
0 3710.dat
1
2 2
0 3899.dat
1
2 4
0 27263.dat
1
2 72
0 63864.dat
1
2 1
0 3666.dat
1
2 28
0 25269.dat
1
2 5
0 11476.dat
1
2 0
0 3795.dat
1
2 70
0 4162.dat
1
2 71
0 3040b.dat
1
2 320
0 61409b.dat
1
2 71
0 85861.dat
1
2 320
0 3022.dat
1
2 320
0 15400.dat
1
2 72
0 33909.dat
1
2 19
0 3069b.dat
1
2 14
0 3460.dat
1
2 71
0 98283.dat
1
2 19
0 49307.dat
1
2 0
0 4286.dat
1
2 4
0 3024.dat
1
2 330
0 92946.dat
1
2 15
0 3666.dat
1
2 4
0 3633.dat
1
2 15
0 24866.dat
1
2 5
0 3004.dat
1
2 353
0 32952.dat
1
2 72
0 15470.dat
1
2 29
0 3710.dat
1
2 27
0 3829c01.dat
1
2 15
0 3024.dat
1
2 297
0 99563.dat
1
2 71
0 3710.dat
1
2 30
0 3941.dat
1
2 14
0 2420.dat
1
2 71
0 32028.dat
1
2 28
0 59443.dat
1
2 14
0 3005.dat
1
2 26
0 60601.dat
1
2 43
0 63864.dat
1
2 72
0 3070b.dat
1
2 84
0 48989.dat
1
2 71
0 54200.dat
1
2 28
0 6541.dat
1
2 0
0 3622.dat
1
2 70
0 22885.dat
1
2 19
0 3009.dat
1
2 4
0 98138.dat
1
2 78
0 85080.dat
1
2 19
0 73587p01.dat
1
2 14
0 3460.dat
1
2 15
0 3749.dat
1
2 7
0 3700.dat
1
2 70
0 3024.dat
1
2 191
0 93273.dat
1
2 0
0 3460.dat
1
2 0
0 3009.dat
1
2 378
0 4070.dat
1
2 70
0 87580.dat
1
2 71
0 3700.dat
1
2 14
0 2476a.dat
1
2 71
0 35787.dat
1
2 272
0 3001.dat
1
2 191
0 3622.dat
1
2 2
0 3040b.dat
1
2 72
0 50950.dat
1
2 15
0 2436b.dat
1
2 71
0 2877.dat
1
2 71
0 3069b.dat
1
2 297
0 32028.dat
1
2 15
0 87087.dat
1
2 4
0 3004.dat
1
2 72
0 3941.dat
1
2 19
0 3700.dat
1
2 4
0 3666.dat
1
2 19
0 3023b.dat
1
2 330
0 2877.dat
1
2 70
0 99008.dat
1
2 19
0 36840.dat
1
2 0
0 3679.dat
1
2 71
0 35480.dat
1
2 70
0 37695.dat
1
2 10
0 3623.dat
1
2 70
0 3040b.dat
1
2 71
0 3040b.dat
1
2 484
0 3622.dat
1
2 3
0 3710.dat
1
2 288
0 2450.dat
1
2 0
0 41677.dat
1
2 0
0 3004.dat
1
2 320
0 63864.dat
1
2 27
0 41532.dat
1
2 0
0 99780.dat
1
2 1
0 93595.dat
1
2 0
0 92946.dat
1
2 72
0 3024.dat
1
2 34
0 3023b.dat
1
2 321
0 3005.dat
1
2 322
0 98138.dat
1
2 31
0 32013.dat
1
2 0
0 63864.dat
1
2 14
0 4216.dat
1
2 19
0 2877.dat
1
2 15
0 6141.dat
1
2 308
0 3004.dat
1
2 26
0 15573.dat
1
2 85
0 4865b.dat
1
2 15
0 3005.dat
1
2 31
0 3068b.dat
1
2 4
0 24866.dat
1
2 31
0 3836.dat
1
2 70
0 27263.dat
1
2 15
0 87994.dat
1
2 71
0 26601.dat
1
2 72
0 3710.dat
1
2 320
0 15391.dat
1
2 0
0 92582.dat
1
2 71
0 30374.dat
1
2 71
0 35787.dat
1
2 0
0 6091.dat
1
2 70
0 2877.dat
1
2 0
0 3023b.dat
1
2 73
0 3023b.dat
1
2 46
